IDX,X,Y,TYPE,SPEED,DIRTYPE,DIRECTION
543,37.1779600,55.7241500,5,60,0,0
551,37.1856300,55.9637000,5,60,0,0
560,37.1956000,56.0188100,5,60,1,126
563,37.2045100,56.0118300,1,60,2,30
570,37.2103700,55.9820800,5,40,1,45
598,37.2688100,55.6483700,5,60,0,0
602,37.2839600,55.7439200,1,60,1,90
615,37.3042300,55.7459400,1,60,1,225
626,37.3200200,55.9707700,5,60,0,0
630,37.3296600,55.6988900,5,60,2,135
651,37.3527500,55.6381400,5,60,2,45
655,37.3558000,55.9296400,5,60,0,0
674,37.3768500,55.7668200,5,60,1,310
677,37.3824500,55.7234200,1,60,0,0
686,37.3870800,55.8055300,1,100,1,20
691,37.3894400,55.8122200,1,100,2,100
692,37.3905200,55.7080800,1,100,1,147
693,37.3911000,55.8084000,1,60,0,0
694,37.3917700,55.7595800,1,80,1,311
696,37.3924600,55.8137100,5,60,1,290
729,37.4199100,55.7459800,5,80,1,310
739,37.4325900,55.8752200,1,40,2,295
753,37.4499400,55.8776600,1,60,1,149
803,37.4868400,55.8882400,1,100,0,0
842,37.5050400,55.7123700,5,60,2,344
870,37.5181000,55.7627000,5,60,0,0
878,37.5205000,55.9006000,5,60,0,0
907,37.5331000,55.7077200,5,60,1,135
910,37.5338300,55.7666700,5,60,1,135
914,37.5350300,55.7259800,5,60,0,0
956,37.5484600,55.7021300,5,60,1,37
963,37.5540700,55.7443700,5,60,2,80
966,37.5546600,55.7760400,5,80,1,202
984,37.5636200,55.6488900,5,60,1,45
996,37.5710200,55.7510900,5,60,2,325
1007,37.5742700,55.7529000,5,60,0,0
1018,37.5763600,55.6929300,5,60,1,5
1033,37.5861500,55.8983100,5,60,1,180
1053,37.6001100,55.7711000,5,60,1,50
1061,37.6025500,55.7447200,5,0,0,0
1065,37.6055700,55.8739700,5,60,1,55
1067,37.6049400,55.8838600,5,60,2,47
1087,37.6172200,55.7798100,5,60,1,170
1118,37.6302300,55.8141500,5,40,1,45
1124,37.6336900,55.7816500,5,60,2,16
1135,37.6435900,55.8278000,5,0,0,0
1136,37.6453900,55.8215800,5,60,1,270
1145,37.6485700,55.7561700,5,60,0,0
1156,37.6580000,55.7582200,1,60,1,1
1160,37.6612400,55.8876400,5,60,2,275
1163,37.6641000,55.7887300,5,60,0,0
1168,37.6698600,55.9130900,5,90,2,165
1177,37.6088700,55.7620900,5,60,1,325
1195,37.6932500,55.7550200,5,60,2,325
1197,37.6960300,55.8944400,1,100,2,190
1201,37.6988500,55.7491200,5,80,1,345
1208,37.7104700,55.8901800,1,100,1,315
1214,37.7153000,55.7774500,5,60,0,0
1222,37.7290100,55.6922500,5,0,2,310
1261,37.7550700,55.6540900,5,60,1,147
1262,37.7581700,55.6508300,5,60,1,236
1263,37.7593000,55.6503500,5,60,1,56
1264,37.7618800,55.6066800,1,100,2,136
1269,37.7645100,55.6544700,5,60,2,325
1296,37.8040800,55.9307400,5,60,1,33
1298,37.8125800,55.8294400,5,60,2,60
1304,37.8211900,55.6908000,1,60,2,306
1308,37.8242700,55.6570800,1,60,1,92
1309,37.8251600,55.8294200,1,60,2,45
1315,37.8289100,55.6877400,1,60,1,315
1321,37.8368500,55.6702300,1,100,2,259
1324,37.8380100,55.6385500,5,60,0,0
1328,37.8397100,55.6626800,1,100,1,356
1330,37.8395700,55.8048000,1,100,2,266
1469,38.2354900,55.4323900,5,60,1,284
2208,37.6642000,55.8552100,5,60,2,135
2209,37.6668600,55.8535000,5,60,2,135
2213,37.1571800,55.7814800,5,110,1,100
2214,37.6199900,55.8919800,5,60,1,315
2216,37.6987600,55.9701900,5,90,2,90
2217,37.3647500,55.7911100,5,110,1,110
2219,37.6852500,55.7638900,5,0,1,200
2221,37.1962300,55.6602500,5,90,1,85
2222,37.2608100,55.6693000,5,60,1,60
2223,37.5788800,55.8357800,5,60,1,0
2228,37.5641200,55.7441800,5,60,0,0
2237,37.6915100,55.8111600,5,60,1,320
2256,37.4914700,55.7315600,5,80,1,72
2279,37.5568500,55.7639200,5,60,1,283
2281,37.5459200,55.7285200,5,60,1,76
2282,37.5860400,55.8980900,5,60,2,90
2283,37.5972600,55.8725300,5,60,1,245
2286,37.6599400,55.6661100,5,60,1,25
2289,37.6926800,55.9697600,5,90,2,262
2290,37.7272700,55.9922100,5,90,2,6
2291,37.6818900,56.0002800,5,90,2,282
2292,37.6982300,55.7865200,5,60,1,180
2295,37.4222000,55.7108600,5,60,1,7
2296,37.4270000,55.6904800,5,60,1,160
2297,37.4316000,55.5533300,5,60,1,40
2335,37.5966200,55.8723700,5,60,1,67
2336,37.6115000,55.8751200,5,60,1,82
2337,37.7401100,55.6595400,5,0,1,180
2359,37.4387000,55.5611600,5,60,2,37
2360,37.4672500,55.5812700,5,60,0,0
2365,37.5415100,55.6256400,5,40,1,168
2368,37.4843200,55.6471800,5,60,1,125
2370,37.3337000,55.6935600,5,60,2,31
2372,37.4067700,55.6995300,5,60,2,44
2376,37.4490400,55.7240000,5,60,1,347
2382,37.1822500,55.9701300,5,60,1,90
2383,37.1839500,55.9701700,5,60,1,347
2384,37.2032200,55.9811400,5,40,2,87
2386,37.6021300,55.5658700,5,60,2,335
2396,37.4481100,55.7228600,5,60,1,335
2399,37.4464200,55.7300200,5,60,1,347
2401,37.4932400,55.7325100,5,60,1,161
2411,37.3438600,55.6340300,5,60,1,262
2428,37.6214300,55.7781600,5,60,1,29
2429,37.6166900,55.7881000,5,40,1,357
2433,37.9470100,55.6299500,5,60,1,152
2435,37.5474000,55.6995100,5,60,1,135
2437,37.7479700,55.8947300,5,60,2,39
2448,37.8147700,55.9482500,5,60,1,192
2453,37.6244200,55.7497700,5,50,1,261
2454,37.4912400,55.8267900,5,80,1,157
2455,37.5430200,55.9056600,1,60,0,0
2456,37.3487100,55.9513200,5,60,1,115
2457,37.3792800,55.9736300,5,60,1,226
2458,37.3919100,55.9788600,5,60,1,67
2464,37.8044100,55.9306100,5,60,1,277
2465,37.5961200,55.5794500,1,40,2,5
2521,37.8982900,55.8268100,1,40,2,75
2523,37.9841300,55.8938500,1,60,2,318
2531,37.7661800,55.5262000,5,60,1,21
2536,37.3230100,55.6804100,1,60,0,0
2537,37.8168800,55.6925400,1,60,1,126
2542,37.6121900,55.7489200,1,60,0,0
2546,37.6266800,55.7605300,5,60,0,0
2547,37.6275500,55.7615100,1,60,0,0
2548,37.6287500,55.7631100,5,60,1,24
2552,37.3776700,55.9314200,5,60,1,322
2565,37.6261100,55.7734700,5,60,1,98
2578,37.4220000,55.6295500,5,60,0,0
2616,37.5287400,55.6007500,5,60,1,201
2620,37.4725400,55.6294700,1,60,0,0
2622,37.5947800,55.6447300,5,60,1,7
2623,37.4864700,55.6666800,5,60,1,51
2628,37.3582400,55.9450700,5,60,1,142
2630,37.2104300,56.0133200,5,90,1,306
2632,37.1562100,56.0470000,5,60,2,341
2664,37.5845400,55.7923500,5,60,0,0
2666,37.6384600,55.7644200,5,60,1,131
2718,37.3461500,55.6151700,5,40,1,321
2721,37.3414800,55.6337500,5,60,1,86
2723,37.3379600,55.6578200,5,60,1,114
2725,37.4401300,55.6646700,1,40,2,34
2727,37.4863200,55.6668000,5,60,1,232
2729,37.4262000,55.6868000,5,60,1,58
2730,37.4276700,55.6872600,5,60,1,255
2731,37.5461800,55.7012900,5,60,1,218
2734,37.1605700,55.7056700,1,60,0,0
2736,37.8272300,55.7208600,1,60,1,122
2742,37.3683300,55.7648400,5,60,2,68
2743,37.3624400,55.7732000,5,60,2,310
2745,37.8310900,55.7742100,1,60,1,69
2746,37.8947300,55.7900200,1,60,0,0
2748,37.1298300,55.8110300,5,60,0,0
2749,37.3572700,55.8173700,1,60,0,0
2752,37.4673600,55.8747600,5,60,0,0
2753,37.6734100,55.8936800,1,60,2,353
2758,37.3300400,55.6309300,5,60,1,255
2759,37.3369400,55.6279700,5,60,1,350
2760,37.3020200,55.6025300,1,60,0,0
2790,37.3339600,55.9617200,5,60,1,321
2823,37.5616500,55.8564700,5,60,0,0
2824,37.1678800,55.7232600,1,60,0,0
2825,37.9674800,55.7250800,1,60,2,80
2826,37.9542200,55.7512100,1,60,1,99
2827,37.9643700,55.7502700,1,60,1,275
2828,38.0083400,55.7475000,1,60,0,0
2829,37.7742900,55.5488900,1,60,0,0
2833,38.0623900,55.5559600,1,90,2,140
2914,37.9941700,55.6283100,5,60,0,0
2916,38.0609700,55.6137100,5,60,0,0
2921,37.4831800,55.8113200,5,80,2,110
2939,37.5883300,55.6727800,5,60,2,212
2964,37.6149700,55.4784000,5,110,1,172
2965,37.6191400,55.4642000,5,110,1,352
2985,37.8625500,55.9796700,5,50,2,48
2995,37.6981500,55.8083200,5,40,1,314
3015,37.8776800,56.0042700,5,60,1,179
3025,37.4994300,55.8904000,1,40,2,311
3028,37.6183700,55.7297700,5,60,1,270
3053,37.3943800,55.9230600,5,70,1,203
3054,37.3944200,55.9229400,5,60,1,23
3058,37.6236800,55.7495900,5,50,1,84
3064,37.7651600,55.8056300,5,60,1,65
3072,37.2085000,55.8428900,5,60,2,294
3073,37.5457000,55.4311400,5,60,0,0
3074,37.8322200,55.7193400,5,60,0,0
3081,37.8320600,55.8132700,1,60,0,0
3082,37.3410400,55.8187000,5,60,0,0
3083,37.3460300,55.8184500,5,60,1,280
3085,37.6738100,55.8918800,5,60,1,170
3093,37.1196600,55.7874200,5,110,1,76
3094,37.1194300,55.7877500,5,110,1,256
3109,37.2432100,55.5806800,5,60,1,68
3115,37.5974900,55.5671400,5,60,0,0
3116,37.6134300,55.6634800,5,60,0,0
3117,37.6312100,55.7729800,5,60,1,284
3119,37.8340600,55.9617900,5,60,1,251
3121,37.8368500,55.7755800,1,60,2,67
3144,37.3981500,55.9286600,5,110,1,202
3145,37.4142000,55.9568900,1,110,1,180
3146,37.4144500,55.9573200,1,110,1,1
3148,37.8116900,55.9374200,5,60,1,199
3149,37.8339100,55.7437800,1,60,0,0
3150,37.8348700,55.7189600,1,60,0,0
3157,37.0830600,55.3990500,5,60,1,217
3158,37.3846400,55.3798000,5,60,2,297
3162,37.4597000,55.4045100,5,60,1,63
3163,37.7022500,55.7902500,5,60,1,48
3171,37.6158300,55.4760100,5,110,1,352
3176,37.7028100,55.7954000,5,60,1,148
3177,37.7052900,55.7952000,5,60,1,76
3178,37.6988500,55.7886500,5,60,1,206
3179,37.6988100,55.7830300,5,60,1,176
3180,37.6861200,55.7633300,5,60,1,354
3181,37.6694800,55.7497700,5,60,1,45
3182,37.6552600,55.7497700,5,40,1,72
3185,38.1964700,55.4572000,5,90,1,342
3190,37.6989500,55.8001600,5,60,1,356
3191,37.6783700,55.7853200,5,60,1,292
3192,37.8416200,55.7670500,1,60,0,0
3193,37.2805400,55.8338400,5,60,1,68
3202,37.4884500,55.8301200,5,80,1,158
3206,38.1723100,55.4826900,5,90,1,310
3222,37.5747400,55.5115000,5,60,0,0
3228,37.6220700,55.7109200,5,0,0,0
3258,37.5928600,55.7006700,5,60,2,347
3259,37.6049400,55.3913100,5,110,2,1
3261,37.6160800,55.4415700,5,110,1,186
3263,37.7037900,55.7783700,5,60,1,35
3297,37.5673700,55.7505200,5,60,1,64
3305,37.6438300,55.7704200,5,60,0,0
3306,37.4439500,56.0361800,5,60,1,305
3307,37.4500400,55.8778100,1,40,1,327
3309,37.5913200,55.7270400,5,60,1,202
3338,37.1960500,55.8458400,5,60,1,113
3340,37.7549300,55.8031700,5,60,1,248
3341,37.2853600,55.8351200,5,60,1,63
3346,37.5402000,55.6308300,5,60,1,9
3350,38.0877300,55.8106200,5,60,1,259
3351,38.1019700,55.8122300,5,60,1,259
3364,37.5825800,55.5370700,5,60,1,191
3365,37.6899400,55.5534900,1,60,1,85
3368,37.2018700,55.5712100,5,90,1,69
3387,37.2885500,55.4404300,5,60,2,21
3404,37.5430500,56.0359900,5,90,1,353
3406,37.5455100,56.0111800,5,60,1,14
3411,37.5784900,55.8483300,5,60,0,0
3421,37.6043100,55.3721100,5,110,2,6
3423,37.6065800,55.7316900,5,60,0,0
3454,37.5558200,55.5616100,5,60,1,23
3455,37.6219600,55.8908800,5,60,0,0
3456,37.5544400,55.5596300,5,60,1,195
3458,37.5593600,55.5534700,5,60,2,57
3459,37.5961200,55.5647900,5,80,1,33
3460,37.6301500,55.5812900,5,60,2,96
3489,37.6667800,55.8434200,5,80,1,217
3516,37.4226800,55.7444200,5,90,1,131
3617,37.0984800,55.5432100,5,90,1,248
3619,37.2575000,55.5842600,5,90,1,248
3620,37.3073200,55.5966200,5,90,1,66
3673,37.6218500,55.6914300,5,0,1,354
3794,37.0769600,55.4708500,5,60,1,128
3796,37.1417700,55.4429000,5,90,2,309
3798,37.2929900,55.8366100,1,60,1,111
3907,38.1896800,55.4738000,5,60,1,136
3908,38.2639900,55.4145200,5,0,1,99
3928,37.6047600,55.5604100,5,110,1,171
3939,37.5906200,55.6748900,5,60,1,210
3940,37.5974700,55.6911300,5,60,2,146
3941,37.6632000,55.7499600,5,40,1,308
3965,37.8603800,55.9785800,5,90,1,225
3966,37.7608900,55.6226800,5,40,2,312
3968,37.4834700,55.6499100,5,60,1,51
3969,37.5899900,55.4347800,5,60,1,98
3970,37.7863700,55.3711700,5,90,1,349
3973,37.4083400,55.3737300,5,60,1,289
3975,37.1828700,55.4217600,5,90,1,313
4030,37.9159000,55.7647800,1,60,0,0
4031,38.0432900,55.5646800,5,60,1,319
4082,37.5795600,55.4141200,5,60,1,125
4086,37.7494600,55.9324100,5,60,1,101
4098,37.5437300,55.9140700,1,60,1,173
4099,37.6360400,55.8462100,5,0,0,187
4121,37.7545000,55.6634300,5,60,2,334
4126,37.7575700,55.5133200,5,60,2,21
4128,38.1586500,55.8187400,5,60,1,79
4159,37.9377300,55.6392000,5,60,0,0
4162,37.8296500,55.7444600,1,60,1,108
4169,37.5432500,56.0072900,5,60,1,48
4170,37.5461100,55.9354400,5,60,1,170
4202,37.3811200,55.7882200,1,40,0,288
4206,37.9584700,55.7507100,1,40,0,0
4207,37.6029000,55.8215400,5,40,0,0
4271,37.0791100,55.7154300,1,60,0,0
4274,37.2336700,55.7368500,1,60,0,0
4275,37.2626900,55.6506000,5,60,0,0
4276,37.2938200,55.7447400,1,60,0,0
4278,37.3472700,55.8620100,1,60,0,0
4279,37.3825600,55.7640200,5,80,1,311
4280,37.3958500,55.3765600,1,50,0,0
4281,37.3969700,55.7034300,1,100,2,232
4282,37.4119000,55.5446800,1,50,0,0
4283,37.4646000,55.6346000,1,100,2,235
4284,37.4826700,55.8800000,1,60,0,0
4287,37.4943000,55.6123700,1,90,0,0
4292,37.5321800,55.5938200,1,60,2,56
4293,37.5338900,55.9937400,1,60,0,0
4297,37.5873000,55.9072200,1,60,2,5
4298,37.6086100,55.5753300,1,100,2,185
4299,37.6170200,55.4455400,1,70,2,6
4300,37.6324200,55.7495000,5,50,0,0
4303,37.7208900,55.8785900,1,60,2,124
4304,37.7712000,55.6190800,1,40,0,0
4305,37.8285600,55.6571200,1,60,0,0
4306,37.8291700,55.7091000,1,40,2,110
4309,37.8751700,55.4352700,1,70,0,0
4311,37.9176800,55.6584800,1,60,0,0
4315,37.9435800,55.6333400,1,60,0,0
4318,38.0069200,55.5892700,1,60,0,0
4323,38.0719600,55.6109900,1,40,0,0
4604,37.7258400,55.5956900,1,40,0,0
4605,37.6843800,55.5792700,1,60,2,331
4606,37.4652800,55.6414900,1,60,2,50
4607,37.3923600,55.7145500,1,60,2,75
4609,37.3809300,55.7322800,1,60,0,0
4610,37.4009800,55.8316100,1,60,2,296
4613,37.8150700,55.6410200,1,40,0,0
4618,37.3816500,55.7130000,5,60,1,254
4622,37.6413900,55.7333800,5,60,1,164
4626,37.7634800,55.4808600,5,90,2,43
4633,38.0817700,55.6558600,5,0,1,91
4656,38.1830400,55.8214400,5,60,1,78
4730,37.3021000,55.6611500,5,60,1,32
4748,37.1425200,55.7968000,5,60,2,288
4754,38.2048300,55.4411400,5,90,1,343
4763,37.6364500,55.5982100,5,60,1,6
4770,38.0794400,55.5448000,1,90,1,314
4813,37.2392800,55.7813400,5,110,1,45
4854,37.2063300,56.0147500,5,0,2,126
4868,37.1704000,56.0289400,5,0,2,306
4869,37.8423500,55.4974600,5,0,1,339
4913,37.7779100,55.4181100,1,60,1,156
4926,38.0568300,55.8605600,5,90,2,278
4967,37.2056200,55.7277600,1,90,0,0
4969,37.6164900,55.4411500,5,110,1,10
5014,37.6062300,55.4081100,5,90,2,189
5022,37.3534300,55.7947500,5,80,1,129
5023,38.1852100,55.4763600,5,60,1,134
5024,38.0560300,55.7506600,5,60,0,261
5061,37.6340300,55.7938700,5,0,1,207
5064,37.6247700,55.6070900,5,60,1,299
5065,38.0488900,55.8061800,5,60,1,79
5111,37.2379500,55.3984600,1,60,0,0
5324,38.1946300,56.0352200,5,90,2,48
5329,37.6568700,55.7624900,5,60,1,164
5369,38.1998700,55.4659800,5,0,1,352
5374,37.0832800,55.9788200,5,60,1,120
5403,37.8953900,55.4182600,5,0,1,146
5404,37.9590000,55.5143400,5,90,1,196
5405,37.8869300,55.4253400,5,70,1,146
5406,37.8610800,55.4485700,5,90,1,155
5413,37.3845200,55.9263100,5,60,1,143
5414,37.3539700,55.9482800,5,60,1,322
5415,37.4715400,56.0257700,5,60,2,304
5481,37.4394700,55.8724200,1,60,1,318
5526,37.2664900,55.6512000,5,60,2,71
5683,37.8304700,55.7740000,1,60,1,68
5684,37.5593400,55.7343400,5,60,1,232
5810,38.1140500,55.3714700,5,0,2,82
5904,37.2904300,55.6556600,5,0,1,72
5908,37.6671200,55.7007900,5,60,1,182
5918,37.8734800,55.5622600,5,0,0,0
5934,37.8219700,55.3938300,5,60,2,87
5935,37.8153700,55.3937200,5,60,2,89
5982,38.0118500,55.8594300,5,90,1,88
5995,37.6344100,55.7918600,1,60,1,175
6019,37.9938400,55.5946500,5,60,1,133
6048,37.3488700,55.9514300,5,60,1,145
6049,37.4172400,55.8819700,3,80,1,140
6052,37.6796500,55.8949400,1,100,1,93
6056,37.3986100,55.8512800,5,0,1,287
6149,37.6826600,55.5540000,5,70,1,193
6593,37.8293600,55.7135400,1,60,2,300
10039,37.1742800,56.0273900,1,60,1,304
10042,37.1840850,55.8503630,1,60,1,312
10049,37.2361500,55.7796100,1,60,1,47
10050,37.2474700,55.7856900,1,60,1,240
10051,37.2498500,55.6657900,1,60,1,240
10057,37.3152200,55.8032700,1,70,1,300
10058,37.3165800,55.6877700,1,60,1,250
10082,37.5266200,55.9983100,1,60,1,133
10083,37.5297230,55.9855642,1,60,1,24
10086,37.5349650,55.7606000,1,80,2,15
10089,37.5337000,55.3749660,1,60,1,192
10090,37.5401739,56.0045898,1,60,1,210
10097,37.6031640,55.7925810,1,60,1,84
10098,37.6383390,55.7042300,1,80,1,100
10099,37.6077800,55.7011940,1,80,1,117
10100,37.6153733,55.6226507,1,60,1,17
10102,37.6096200,55.5025800,1,110,1,175
10103,37.6099700,55.5020800,1,110,1,355
10107,37.6169400,55.4456900,1,70,1,186
10108,37.6171900,55.4451900,1,70,1,6
10116,37.6412000,55.7041000,1,80,1,280
10120,37.6839700,55.7153300,1,80,1,55
10121,37.6866299,55.7163051,1,80,1,247
10123,37.7035870,55.6326330,1,80,1,328
10126,37.7381700,55.5863700,1,60,2,310
10127,37.7486500,55.4756200,1,110,1,156
10128,37.7494400,55.4750900,1,110,1,340
10134,37.7841300,55.4039800,1,110,1,30
10135,37.7860800,55.4063600,1,110,1,212
10138,37.8121400,55.9401700,1,60,1,187
10139,37.8128200,55.9398400,1,60,1,18
10146,37.8287550,55.5137120,1,90,1,155
10149,37.8397400,55.9647400,1,60,1,35
10151,37.8513020,55.4819670,1,90,1,172
10153,37.8770700,55.9989100,1,50,1,13
10154,37.8811500,55.8242300,1,60,1,254
10163,37.9296400,55.6596300,1,60,1,258
10165,37.9359900,55.6434900,1,60,1,171
10167,37.9806000,55.8575000,1,60,1,222
10169,38.0199100,55.9341400,1,60,1,235
10174,38.0881500,55.9047200,1,60,1,253
10177,38.1158600,55.8137500,1,60,1,80
10178,38.1198000,55.9171000,1,60,1,58
10180,38.2387900,55.6387300,1,90,1,75
10220,37.5583921,55.7892079,1,60,1,307
10232,37.6541000,55.6587500,1,60,1,6
10234,37.6625600,55.6703050,1,60,1,14
10238,37.6547700,55.6604500,1,80,1,204
10240,37.6591900,55.6660700,1,80,1,201
10243,37.4280400,55.8259700,1,60,1,293
10245,37.5275290,55.8020640,1,60,1,300
10247,37.8395100,55.9650000,1,60,1,215
10249,38.1805000,55.8212000,1,60,1,80
10253,38.1077263,55.8130651,1,60,1,260
10259,37.4090717,55.8299617,1,60,1,290
10263,37.8002920,55.8103870,1,60,1,265
10265,37.8127560,55.8108850,1,60,1,257
10267,37.7945737,55.8100310,1,60,1,87
10269,37.8157000,55.8110000,1,60,1,82
10273,37.6925872,55.7235726,1,80,2,121
10275,37.6655900,55.7115300,1,60,1,170
10278,37.7026900,55.7486700,1,60,2,255
10282,37.6933600,55.7370400,1,60,1,285
10284,37.5880559,55.7878630,1,60,1,190
10286,37.4483698,55.8628441,1,60,1,168
10288,37.4485200,55.8627517,1,60,1,349
10290,37.4519425,55.7172812,1,60,1,346
10293,37.5859000,55.7109150,1,60,1,45
10295,37.6656190,55.7123050,1,60,1,350
10297,37.6957400,55.7367300,1,60,1,105
10299,37.5834000,55.6679000,1,60,1,32
10302,37.6346000,55.7889000,1,60,1,180
10306,37.5653700,55.7199800,1,0,1,295
10308,37.6717170,55.5978130,1,60,1,172
10310,37.6791520,55.5844430,1,60,1,151
10312,37.5423970,55.6357760,1,60,1,207
10314,37.4570230,55.6729830,1,60,1,228
10316,37.4988414,55.6725873,1,60,2,47
10318,37.5524700,55.7311200,1,60,1,56
10320,37.6635660,55.7854390,1,80,1,320
10322,37.6633550,55.7853970,1,80,1,140
10327,37.5712148,55.7893503,1,60,1,38
10329,37.4993250,55.8175842,1,80,1,335
10334,37.6905500,55.7473500,1,60,1,265
10336,37.6499900,55.8286400,1,60,1,30
10338,37.5935614,55.7874337,1,60,1,332
10340,37.5931800,55.7874200,1,60,1,150
10342,37.5435180,55.7318470,1,80,1,155
10344,37.5434480,55.7331480,1,80,1,340
10347,37.5374400,55.7554000,1,60,1,75
10349,37.4897600,55.6925900,1,60,1,45
10351,37.5613800,55.7201400,1,80,1,118
10353,37.5687257,55.7846166,1,60,1,310
10355,37.5650700,55.7191400,1,80,1,299
10357,37.5311315,55.7098402,1,60,1,315
10359,37.6563700,55.7908200,1,80,1,145
10361,37.5747276,55.7818090,1,60,1,310
10368,37.5338529,55.3753329,1,60,1,13
10374,37.5333000,55.7445000,1,80,1,172
10377,37.6978700,55.7382500,1,80,1,340
10379,37.6976201,55.7382502,1,80,1,175
10388,37.7172208,55.8756999,1,80,1,214
10392,37.5675024,55.8477081,1,60,1,166
10394,37.9916690,55.8672540,1,60,1,20
10404,37.5721991,55.7197514,1,60,1,38
10406,37.6783979,55.7158257,1,60,1,336
10407,37.3574142,55.8552913,1,60,1,310
10408,37.3874127,55.8355695,1,60,1,177
10410,37.4809846,55.8118809,1,80,1,290
10417,37.3797518,55.8442988,1,60,1,313
10418,37.3746466,55.8468769,1,60,1,312
10420,37.5916934,55.7087391,1,60,1,45
10423,37.4507300,55.7505200,1,50,2,67
10425,37.6195900,55.6335500,1,80,1,180
10426,37.6203380,55.7298200,1,60,1,265
10427,37.5373630,55.7133610,1,60,1,335
10428,37.5382000,55.7113000,1,60,1,156
10433,37.5339000,55.7436000,1,60,1,346
10435,37.1833800,55.9880800,1,60,1,28
10436,37.1871388,55.9925184,1,60,1,208
10437,37.1971512,56.0035346,1,60,1,27
10438,37.2113507,55.9979803,1,60,1,343
10439,37.2108389,55.9981967,1,60,1,160
10441,37.4816290,55.8115190,1,80,1,110
10442,37.3797828,55.8440965,1,60,1,132
10443,37.6965100,55.7223800,1,80,1,310
10444,37.1283901,55.8716590,1,60,1,315
10445,37.5552890,55.7707150,1,80,1,170
10446,38.1204300,55.9824900,1,60,1,45
10448,37.7914775,55.7176203,1,60,1,286
10449,37.5277756,55.7383032,1,80,1,70
10450,37.7460290,55.6451000,1,60,1,348
10455,37.5282194,55.6455667,1,60,1,210
10457,37.6675181,55.7801374,1,60,2,50
10461,37.5839722,55.7983898,1,60,2,175
10462,37.5727200,55.8241200,1,60,1,180
10463,37.5902760,55.7901950,1,60,1,150
10464,37.2786037,55.9865330,1,60,1,305
10472,37.4298000,55.8254000,1,60,1,112
10498,37.6079302,55.7013637,1,80,1,265
10501,37.7585317,55.9023464,1,60,1,220
10505,37.6014010,55.5936230,1,80,1,15
10510,37.3905830,55.8151100,1,100,1,10
10511,37.3890140,55.8113290,1,100,1,190
10517,37.6498172,55.8290698,1,60,2,210
10519,37.4306561,55.7725984,1,60,1,82
10522,37.5655370,55.7381880,1,60,1,210
10524,37.4661007,55.6331457,1,100,1,145
10527,37.6076670,55.5754516,1,100,1,275
10529,37.6120140,55.5750310,1,100,1,96
10531,37.5356890,55.7983340,1,60,1,130
10533,37.3932789,55.7063409,1,100,1,323
10534,37.7596696,55.6054270,1,100,1,225
10535,37.4636877,55.6356365,1,100,1,325
10536,37.7629205,55.6069211,1,100,1,45
10537,37.8367654,55.6712219,1,100,1,347
10538,37.8370550,55.6692937,1,100,1,167
10539,37.4814424,55.6807681,1,60,1,163
10549,37.4028088,55.6987693,1,100,1,145
10555,37.5034863,55.6671347,1,60,1,125
10557,37.5154100,55.6591700,1,60,1,290
10559,37.5315744,55.7085153,1,60,1,136
10561,37.8397358,55.8027198,1,100,1,175
10563,37.6938858,55.8946737,1,100,1,280
10567,37.6978821,55.8940057,1,100,1,100
10569,37.5198255,55.7178523,1,60,1,45
10571,37.6217633,55.7094311,1,60,1,10
10576,37.6031274,55.5980139,1,60,1,195
10579,37.8398180,55.8057340,1,100,1,355
10581,37.4942178,55.8909244,1,100,1,53
10583,37.4786207,55.8862404,1,100,1,245
10587,37.4148250,55.6604080,1,60,1,265
10590,37.5677494,55.7844735,1,60,1,129
10594,37.4902841,55.7729643,1,60,1,285
10606,37.5850760,55.7209670,1,60,1,210
10608,37.6164140,55.7410480,1,60,1,160
10610,37.5694740,55.7619560,1,60,1,285
10611,37.5785000,55.6993020,1,60,1,10
10612,37.6223200,55.7919200,1,60,1,175
10613,37.5490800,55.6858500,1,60,1,135
10614,37.5233140,55.7680970,1,60,1,282
10617,37.5449510,55.7942220,1,60,1,130
10629,37.4976575,55.8188578,1,80,1,156
10635,37.7038500,55.7188100,1,80,1,133
10637,37.7689856,55.7615358,1,60,1,71
10646,37.6617586,55.7294091,1,60,1,345
10647,37.5685510,55.7837680,1,60,1,130
10668,37.3836424,55.8422981,1,60,1,325
10669,37.3761966,55.8457540,1,60,1,133
10670,37.3642295,55.8516699,1,60,1,133
10671,37.3651459,55.8515332,1,60,1,310
10672,37.3876400,55.8366400,1,60,1,355
10674,37.4363453,55.8239604,1,60,1,293
10675,37.4877652,55.8105122,1,80,1,290
10676,37.4869067,55.8104889,1,0,1,110
10677,37.4607500,55.8170989,1,80,1,296
10678,37.4639690,55.8159017,1,0,1,120
10680,37.4454400,55.8213330,1,60,1,117
10681,37.6379614,55.8146632,1,60,1,190
10686,37.4431167,55.6671500,1,60,1,37
10693,37.3908500,55.6537670,1,60,1,230
10694,37.3925330,55.6541170,1,60,1,60
10695,37.3660830,55.6463670,1,60,1,225
10696,37.3662670,55.6461830,1,60,1,45
10697,37.3562677,55.6401577,1,60,1,45
10698,37.4476670,55.6699170,1,0,1,240
10699,37.4831470,55.6891245,1,60,1,225
10700,37.4719970,55.6826489,1,60,1,40
10701,37.5354400,55.7206500,1,60,1,355
10702,37.5750560,55.6604530,1,0,1,210
10705,37.5761670,55.6612430,1,0,1,30
10706,37.5766100,55.8152400,1,0,1,165
10708,37.5758363,55.8171738,1,0,1,342
10709,37.5791150,55.8111463,1,60,1,342
10710,37.5040362,55.7003284,1,0,1,45
10715,37.5050098,55.7015367,1,0,1,225
10717,37.5869704,55.9025704,1,0,1,180
10719,37.5872869,55.9019984,1,0,1,0
10721,37.7012126,55.7948401,1,60,1,260
10722,37.6448959,55.8237165,1,60,1,30
10724,37.5365300,55.7271200,1,0,1,240
10725,37.7012300,55.7945800,1,60,1,80
10726,37.5425553,55.6238717,1,0,1,350
10727,37.5413997,55.6185561,1,0,1,200
10728,37.5538103,55.6424127,1,50,1,240
10729,37.5406568,55.6276663,1,0,1,170
10731,37.4023690,55.6583127,1,60,1,65
10732,37.6410897,55.8211760,1,0,1,210
10733,37.4245330,55.6611190,1,60,1,265
10734,37.4245973,55.6609491,1,60,1,83
10735,37.5407878,55.6156698,1,0,1,20
10736,37.5846984,55.8453323,1,60,1,180
10737,37.5801900,55.8387900,1,60,1,15
10738,37.7750802,55.8082846,1,0,1,65
10739,37.5845550,55.8533192,1,0,1,180
10740,37.5921300,55.6763400,1,0,1,210
10741,37.5923700,55.6762500,1,0,1,30
10742,37.5871000,55.8976400,1,0,1,0
10743,37.5867600,55.8859200,1,80,1,0
10744,37.5429598,55.8939496,1,60,1,182
10745,37.6388548,55.8166946,1,60,1,5
10746,37.5816500,55.6663300,1,0,1,30
10747,37.6817510,55.5816620,1,0,1,150
10749,37.6825454,55.7743643,1,0,1,235
10750,37.6865100,55.7723000,1,0,1,10
10751,37.8208500,55.8117100,1,0,1,77
10753,37.6794400,55.7592400,1,0,1,250
10755,37.8076400,55.8105400,1,0,1,263
10756,37.7769010,55.8089690,1,0,1,253
10759,37.6603000,55.7054500,1,0,1,227
10765,37.5847000,55.7910400,1,0,1,180
10766,37.6043000,55.7915200,1,0,1,5
10770,37.6724600,55.5953000,1,0,1,352
10771,37.6688616,55.6052784,1,0,1,340
10772,37.6595641,55.6154256,1,0,1,330
10773,37.6131726,55.7927091,1,0,1,175
10775,37.5450780,55.7652280,1,0,1,105
10783,37.5564670,55.7239100,1,0,1,25
10784,37.5599900,55.6446100,1,50,1,56
10785,37.6713700,55.5991300,1,0,1,170
10786,37.6813440,55.5825300,1,0,1,330
10787,37.6291000,55.7908700,1,0,1,180
10788,37.5844804,55.8607770,1,0,1,0
10789,37.5729800,55.8245800,1,0,1,0
10790,37.5775600,55.8140100,1,0,1,340
10791,37.6332900,55.7906700,1,0,1,178
10792,37.6684928,55.8777006,1,60,1,200
10793,37.5406810,55.7642680,1,0,1,190
10794,37.6551000,55.7052800,1,0,1,50
10795,37.6599880,55.6323220,1,0,1,330
10796,37.6582160,55.6640550,1,0,1,25
10797,37.6182500,55.6405700,1,0,1,95
10798,37.6574800,55.6182200,1,0,1,172
10799,37.5426440,55.8896490,1,60,1,182
10800,37.5433400,55.8825800,1,0,1,170
10801,37.7354600,55.7995700,1,0,1,250
10802,37.5433306,55.8923421,1,60,1,0
10803,37.4940100,55.8235600,1,0,1,155
10804,37.5022019,55.8134941,1,0,1,155
10805,37.5051500,55.8099000,1,0,1,155
10806,37.4918700,55.8264700,1,0,1,335
10807,37.5843000,55.8585600,1,0,1,180
10808,37.5717495,55.8368641,1,0,1,168
10809,37.5471000,55.8771700,1,0,1,350
10810,37.5452700,55.8805100,1,0,1,345
10811,37.5484743,55.7649547,1,0,1,283
10812,37.6840976,55.7626985,1,0,1,98
10816,37.5091747,55.6229624,1,0,1,215
10817,37.5483674,55.8718499,1,60,1,10
10819,37.6637770,55.7247240,1,0,1,0
10821,37.4591000,55.7015600,1,0,1,335
10822,37.6176668,55.7062546,1,0,1,10
10823,37.6710182,55.8818176,1,60,1,15
10824,37.5029200,55.7709100,1,0,1,285
10825,37.5120400,55.7693450,1,0,1,105
10826,37.7366100,55.7996300,1,0,1,75
10827,37.6667581,55.7089376,1,0,1,350
10829,37.4577283,55.7785272,1,0,1,286
10830,37.4670160,55.6940840,1,0,1,325
10834,37.4737000,55.6890200,1,0,1,325
10835,37.5456277,55.6999705,1,0,1,38
10836,37.5441420,55.6992950,1,0,1,217
10837,37.6678392,55.7043679,1,0,1,5
10838,37.6669530,55.7074650,1,0,1,170
10839,37.4902700,55.8284100,1,0,1,335
10840,37.4793947,55.6537607,1,0,1,189
10842,37.7732747,55.8079742,1,0,1,240
10843,37.6127200,55.6408900,1,0,1,95
10844,37.3609500,55.8533380,1,0,1,133
10846,37.8075000,55.8104000,1,60,1,88
10847,37.7459840,55.6443900,1,0,1,165
10848,37.5639879,55.6791702,1,0,1,210
10849,37.5622800,55.6771400,1,0,1,30
10850,37.5708600,55.6854900,1,0,1,210
10851,37.5553200,55.6710000,1,0,1,210
10852,37.7353800,55.6919100,1,0,1,345
10853,37.7379300,55.6819600,1,0,1,175
10854,37.5804600,55.7170600,1,0,1,45
10860,37.4083252,55.6597135,1,60,1,68
10866,37.5381520,55.6948670,1,0,1,215
10867,37.5388080,55.6835230,1,0,1,40
10868,37.5291300,55.6769000,1,0,1,40
10869,37.5312900,55.6483300,1,0,1,30
10870,37.6672395,55.7020442,1,0,1,185
10871,37.6640770,55.7104300,1,0,1,228
10872,37.5205920,55.6714580,1,0,1,220
10873,37.6358000,55.8001000,1,60,1,6
10874,37.5600130,55.6962530,1,0,1,45
10875,37.7390647,55.6765653,1,0,1,355
10876,37.7308947,55.7074060,1,0,1,350
10877,37.7497338,55.6352915,1,0,1,345
10878,37.4755700,55.8478100,1,0,1,340
10879,37.5248340,55.6743340,1,0,1,220
10880,37.5406110,55.6849550,1,0,1,220
10881,37.5309340,55.6784150,1,0,1,220
10882,37.5198692,55.6705666,1,0,1,40
10883,37.5589199,55.6958918,1,0,1,225
10885,37.7439800,55.6494100,1,0,1,168
10886,37.5729361,55.8317290,1,60,1,1
10887,37.7064990,55.7495519,1,0,1,251
10888,37.7094900,55.7500100,1,0,1,72
10889,37.6825160,55.7468040,1,0,1,263
10890,37.5727100,55.8305100,1,60,1,181
10891,37.5495800,55.6408700,1,0,1,53
10895,37.4804538,55.7742671,1,60,1,106
10897,37.4580494,55.7781428,1,60,1,102
10898,37.6598180,55.7316760,1,0,1,155
10899,37.6883040,55.7706170,1,0,1,272
10900,37.6552672,55.6410131,1,0,1,187
10901,37.5504789,55.6661741,1,0,1,33
10902,37.4814144,55.6591302,1,0,1,10
10903,37.4927800,55.6692100,1,0,1,55
10909,37.5868303,55.8987622,1,0,1,180
10910,37.6911700,55.7549800,1,0,1,215
10911,37.5883260,55.7893000,1,0,1,190
10912,37.5844981,55.8654472,1,0,1,0
10913,37.5030848,55.6676228,1,60,1,320
10914,37.5366599,55.7510223,1,0,1,60
10915,37.7101691,55.7257104,1,0,1,325
10916,37.6829170,55.7467330,1,0,1,83
10917,37.5159906,55.6284342,1,0,1,35
10918,37.6273100,55.7059040,1,60,1,10
10919,37.5392000,55.7414000,1,80,1,64
10922,37.6405928,55.7901961,1,0,1,180
10923,37.5371827,55.7391455,1,0,1,150
10924,37.4803895,55.7744518,1,60,1,280
10925,37.6985162,55.7335616,1,0,1,200
10926,37.5773550,55.7911130,1,0,1,38
10927,37.6097000,55.7917100,1,0,1,175
10928,37.5996200,55.7912500,1,0,1,170
10929,37.6842920,55.7734980,1,0,1,222
10930,37.6946902,55.7379285,1,0,1,305
10943,37.5846039,55.8575365,1,0,1,0
10944,37.6775831,55.5863187,1,0,1,335
10945,37.5167250,55.6827980,1,0,1,225
10946,37.5349000,55.7182000,1,60,1,178
10947,37.5476620,55.3952800,1,60,1,30
10948,37.5509000,55.3999000,1,60,1,194
10950,37.3190041,55.8175744,1,60,2,68
10953,37.6764459,55.5870928,1,0,1,155
11057,37.3273600,55.8271300,1,40,2,64
11058,37.3274800,55.8760100,1,60,2,135
11059,37.5228860,55.4239770,1,60,2,62
11060,37.5562000,55.4558800,1,60,2,205
11061,37.5853230,55.4102350,1,60,2,320
11062,37.7660200,55.4407800,1,60,2,177
11063,37.9548200,55.8141700,1,60,1,300
11064,37.6472270,55.6839950,1,60,1,260
11067,37.7272000,55.6353000,1,40,1,270
11068,37.7223860,55.6353130,1,40,1,93
11069,37.5445600,55.7480200,1,0,1,228
11070,37.5701735,55.7425166,1,0,1,204
11071,37.6783749,55.5854480,1,0,1,331
11072,37.5246890,55.6401600,1,0,1,23
11073,37.7426200,55.6367030,1,40,1,70
11075,37.7504735,55.6326233,1,0,1,168
11174,37.5378110,55.7653440,1,0,1,190
11185,37.4450000,55.8688000,1,60,1,140
11186,37.4466666,55.8052777,1,80,1,260
11187,37.7184000,55.6355000,1,40,1,272
11188,37.6148630,55.7048220,1,0,1,250
11189,37.5780000,55.7526700,1,60,1,269
11190,37.4322222,55.8044444,1,80,1,260
11191,37.4338888,55.8044444,1,80,1,79
11192,37.5185357,55.7773846,1,60,1,252
11193,37.6601420,55.7770850,1,60,1,232
11198,37.8205357,55.9563311,1,60,1,27
11200,37.8114500,55.5338500,1,90,1,335
11206,37.7055000,55.6358000,1,40,1,272
11207,37.4527370,55.8505670,1,60,1,350
11208,37.7600317,55.9032171,1,60,1,39
11210,37.8764700,55.9987000,1,50,1,190
11212,37.4981700,55.7965600,1,60,1,225
11216,37.4953538,55.7945025,1,60,1,43
11217,37.5117315,55.7882525,1,60,1,164
11218,37.5293849,55.6067840,1,60,1,115
11219,37.3950392,55.8518383,1,60,1,285
11220,37.6010690,55.6064600,1,60,1,195
11221,37.7492099,55.6358900,1,0,1,170
11222,37.3664119,55.8505857,1,60,1,133
11223,37.4393200,55.8444460,1,60,1,188
11228,38.2505600,55.4302800,1,60,1,105
11230,37.5027710,55.4178615,1,60,2,241
11232,37.6747360,55.7299680,1,80,1,137
11233,37.7535081,55.7283342,1,60,1,300
11234,37.5180900,55.5341300,1,60,1,246
11235,37.4744100,55.7691100,1,50,1,188
11236,37.5063000,55.7768000,1,60,1,78
11237,37.7418700,55.6296900,1,60,1,355
11238,37.3555900,55.8436400,1,60,1,221
11239,37.6010600,55.6059900,1,60,1,15
11240,37.6730500,55.7311000,1,80,1,312
11248,37.7388999,55.6137141,1,60,1,265
11249,37.6095600,55.6238900,1,60,1,194
11250,37.5911300,55.6091400,1,60,1,8
11251,37.5908200,55.6091300,1,60,1,187
11252,37.5507000,55.5523000,1,60,1,58
11253,37.8007400,55.6988230,1,80,1,124
11254,37.7986150,55.6996500,1,80,1,304
11255,37.4543830,55.8188330,1,0,1,113
11256,37.7573130,55.7269990,1,60,1,119
11257,37.5723400,55.7194900,1,0,1,38
11258,37.5435800,55.5382900,1,60,1,193
11259,37.8047990,55.7152780,1,60,1,294
11260,37.5439605,55.3917077,1,60,1,30
11261,37.4788800,55.7786200,1,50,1,195
11262,37.4254250,55.8492860,1,60,1,260
11264,37.7426160,55.6526405,1,0,1,168
11265,37.5123250,55.7875730,1,60,1,345
11267,37.7186790,55.7316250,1,60,1,115
11276,38.0901400,55.7530700,1,60,1,89
11281,37.5182900,55.7888700,1,60,1,340
11282,37.5361800,55.6054100,1,60,1,290
11283,37.7553779,55.7009610,1,60,1,80
11286,37.5438961,55.3919153,1,60,1,210
11290,37.8171157,55.7511283,1,60,1,15
11295,37.5565312,55.7301800,1,0,1,55
11297,37.7504220,55.7075330,1,60,1,283
11298,37.7523520,55.7070620,1,80,1,105
11299,37.8157570,55.7491860,1,60,1,194
11305,37.6056800,55.7913500,1,0,1,70
11311,37.9307400,55.8317700,1,60,1,255
11312,37.8795600,55.8238500,1,60,1,75
11314,38.2770000,55.8292000,1,60,1,84
11321,37.5790000,55.6458300,1,0,1,298
11322,37.7972096,55.7931346,1,60,1,89
11324,37.1293200,55.6581540,1,60,1,300
11325,37.3890388,55.7607686,1,80,1,310
11330,38.2615550,55.8221750,1,60,1,10
11331,38.2614330,55.8223330,1,60,1,190
11338,37.5161400,55.5345600,1,60,1,158
11343,37.3984757,55.8512437,1,0,1,105
11344,37.4511869,55.8547311,1,60,2,349
11346,37.6830111,55.7577483,1,0,1,216
11347,37.6683468,55.7786604,1,0,1,228
11350,37.7029976,55.7952918,1,60,1,148
11351,37.4202914,55.6840221,1,0,1,57
11352,37.4489970,55.8052350,1,60,1,87
11353,37.3906825,55.8074287,1,0,1,194
11354,37.4326990,55.8751630,1,0,1,119
11355,37.3882090,55.8514835,1,0,1,264
11356,37.3834618,55.8092999,1,0,1,279
11357,37.3949447,55.8076548,1,0,1,109
11358,37.3914945,55.8469117,1,0,1,190
11359,37.5919646,55.9088129,1,0,1,115
11360,37.3921198,55.8139252,1,0,1,145
11366,37.5668722,55.5767863,1,0,1,218
11367,37.4001453,55.7026514,1,0,1,39
11373,37.5975756,55.5673014,1,0,1,178
11394,37.7781940,55.4181010,1,60,2,157
11395,37.6823190,55.5740630,1,0,1,238
11396,37.8416000,55.7677100,1,0,1,182
11397,37.6844300,55.5794000,1,0,1,330
11398,37.8217100,55.6907100,1,0,1,306
11399,37.6624000,55.6740000,1,60,1,188
11403,37.6645560,55.6824475,1,60,1,184
11404,37.5353000,55.7521300,1,0,1,121
11405,37.3798680,55.7259740,1,0,1,345
11406,37.8431150,55.7176600,1,0,1,128
11408,37.8532750,55.7448290,1,0,1,80
11409,37.6558060,55.7520180,1,60,1,190
11410,37.3057207,55.6643947,1,60,1,33
11411,37.3018640,55.6610060,1,60,1,211
11412,37.3795500,55.7126800,1,0,1,255
11415,37.6657265,55.6891775,1,60,1,6
11416,37.6667403,55.6958927,1,0,1,6
11417,37.4957000,55.6130000,1,0,1,49
11420,37.8458729,55.7311452,1,0,1,85
11422,37.3738384,55.7238790,1,0,1,275
11423,37.5875682,55.9088765,1,0,1,202
11424,37.6732000,55.8934970,1,0,1,172
11427,37.5616579,55.7331300,1,60,1,222
11428,37.8412086,55.7059402,1,0,1,127
11429,37.8345970,55.7189975,1,0,1,275
11430,37.5392030,55.6952090,1,0,1,40
11435,37.5318532,55.5936876,1,0,1,50
11437,37.5492500,55.7030300,1,0,1,217
11438,37.2875140,55.6550730,1,60,1,72
11439,37.7718700,55.6191800,1,0,1,272
11440,37.8427500,55.7662300,1,0,1,181
11441,37.6913941,55.5722696,1,0,1,153
11442,37.6395763,55.7714626,1,60,1,110
11443,37.6601647,55.7869190,1,0,1,237
11444,37.5325828,55.8711337,1,60,1,138
11445,37.4306561,55.7727798,1,60,1,258
11446,37.5710431,55.7894425,1,60,1,218
11447,37.4556000,55.7069200,1,0,1,168
11448,37.3998630,55.8318340,1,0,1,108
11449,37.5865972,55.8794654,1,0,1,3
11450,37.6709430,55.6014124,1,0,1,350
11452,37.5516078,55.6676043,1,0,1,210
11453,37.3760705,55.7322360,1,100,1,166
11454,37.8384600,55.6838500,1,0,1,126
11455,37.5724070,55.6576982,1,0,1,32
11456,37.5544430,55.7739710,1,0,1,350
11457,37.4051800,55.6987900,1,0,1,44
11458,37.8331137,55.7438908,1,0,1,265
11459,37.3912910,55.8334290,1,0,1,290
11460,37.3921953,55.7143850,1,0,1,75
11462,37.1563200,55.9701400,1,60,1,270
11463,37.5869400,55.8923100,1,0,1,1
11464,37.5867200,55.8924400,1,0,1,181
11465,37.1946514,56.0008968,1,60,1,206
11466,37.5615359,55.6768114,1,0,1,210
11467,37.5563600,55.7080200,1,0,1,39
11468,37.5523700,55.7051000,1,0,1,39
11469,37.1679900,55.9779400,1,60,1,229
11470,37.1598200,55.9700300,1,60,1,90
11471,37.2256200,55.9889100,1,60,1,290
11472,37.4767742,55.6721491,1,60,1,195
11473,37.7336913,55.6962636,1,0,1,348
11474,37.6368300,55.6639600,1,0,1,76
11475,37.6726110,55.5935560,1,0,1,171
11476,37.5338670,55.8705520,1,60,1,310
11477,37.5778000,55.5220000,1,0,1,190
11478,37.5838461,55.7547861,1,60,1,7
11479,37.5099900,55.8586200,1,0,1,321
11480,37.6977820,55.7738780,1,0,1,40
11481,37.6385800,55.6546100,1,0,1,322
11482,37.6375100,55.6553800,1,0,1,220
11483,37.6364000,55.6641400,1,0,1,256
11484,37.5910122,55.9135888,1,0,1,15
11485,37.5835940,55.7548110,1,60,1,187
11486,37.5864940,55.7621240,1,60,1,205
11487,37.4828400,55.8743900,1,0,1,351
11489,37.5726400,55.7203500,1,0,1,218
11490,37.5132500,55.7777200,1,0,1,98
11491,37.6832100,55.6300700,1,0,1,202
11493,37.3895942,55.9083390,1,60,1,182
11494,37.1813300,55.9861200,1,60,1,207
11495,37.2294700,55.9881100,1,60,1,110
11496,37.3900019,55.9104904,1,60,1,2
11497,37.6209910,55.7068800,1,60,1,186
11498,37.6231740,55.7274750,1,0,1,187
11499,37.6387572,55.7081273,1,60,1,102
11500,37.5730950,55.8049400,1,0,1,160
11501,37.1910400,55.9967700,1,60,1,27
11502,37.6488550,55.7378990,1,60,1,40
11506,37.5937180,55.7681850,1,60,1,230
11507,37.6451075,55.7355254,1,60,1,220
11508,37.5639002,55.7202828,1,60,1,120
11509,37.7229300,55.8805500,1,0,1,190
11510,37.8248600,55.8293300,1,0,1,225
11512,37.5891060,55.7245730,1,60,1,31
11513,37.6680900,55.7294900,1,0,1,163
11514,37.6266000,55.6942000,1,60,1,352
11515,37.6398289,55.7477681,1,60,1,40
11516,37.6637280,55.7202660,1,0,1,0
11517,37.6588480,55.7255060,1,60,1,356
11523,37.7213190,55.7424620,1,0,1,187
11524,37.5954800,55.7352400,1,60,1,300
11525,37.6034000,55.7324500,1,60,1,122
11526,37.6709900,55.6765900,1,0,1,279
11527,37.3842063,55.7172224,1,0,1,343
11528,37.6134636,55.7352856,1,60,1,12
11529,37.5274276,55.6439865,1,0,1,23
11530,37.4995300,55.6692500,1,60,1,310
11531,37.5118411,55.7521690,1,60,1,244
11532,37.5564000,55.7462000,1,60,1,86
11533,37.5267180,55.6435390,1,0,1,205
11534,37.6221700,55.7144400,1,60,1,180
11535,37.5873600,55.8569300,1,0,1,257
11536,37.8153200,55.6412200,1,0,1,276
11537,37.8244400,55.6390300,1,0,1,120
11538,37.8295900,55.7301800,1,0,1,6
11539,37.5870500,55.7298500,1,0,1,236
11540,37.6243100,55.7485900,1,60,1,177
11541,37.5777050,55.5207982,1,0,1,11
11551,37.7124581,55.7735749,1,0,1,333
11552,37.6950050,55.7807030,1,0,1,50
11574,37.4577100,55.7783900,1,0,1,286
11575,37.7872981,55.6168302,1,0,1,100
11576,37.5743330,55.7453330,1,60,1,86
11577,37.7730797,55.6820260,1,0,1,103
11578,37.6144670,55.7117940,1,0,1,274
11579,37.5394000,55.7560500,1,0,1,246
11582,37.3927465,55.8523723,1,0,1,5
11585,37.4224400,55.8041600,1,60,1,283
11586,37.5505500,55.7034800,1,0,1,38
11587,37.6534300,55.5752400,1,0,1,8
11588,37.6349000,55.7889000,1,60,1,356
11589,37.5675000,55.7068000,1,40,1,76
11590,37.8292600,55.7091000,1,0,1,290
11591,37.4290870,55.7671143,1,0,1,350
11592,37.6757000,55.7782100,1,0,1,224
11593,37.5897600,55.6684400,1,60,1,121
11594,37.6614400,55.6130900,1,0,1,154
11595,37.6732900,55.6349400,1,0,1,51
11596,37.6502500,55.6378800,1,0,1,277
11597,37.5768300,55.6954000,1,0,1,190
11598,37.6232000,55.7810000,1,40,1,176
11599,37.6503000,55.7334000,1,60,1,328
11600,37.5428718,55.9048318,1,0,1,187
11601,37.6122000,55.7329000,1,60,1,196
11602,37.7645800,55.7282900,1,0,1,123
11603,37.6884000,55.8866300,1,0,1,242
11604,37.6219251,55.7736323,1,60,1,87
11605,37.8398000,55.6591500,1,0,1,7
11607,37.6246200,55.7495700,1,60,1,358
11608,37.6404500,55.7872400,1,0,1,347
11609,37.3808333,55.8098316,1,0,1,195
11611,37.4197483,55.8042571,1,60,1,105
11612,37.7214740,55.8791520,1,0,1,218
11613,37.4301500,55.6693900,1,0,1,42
11614,37.6792020,55.7534777,1,0,1,24
11615,37.6672100,55.8202400,1,0,1,118
11616,37.4966600,55.6800800,1,0,1,115
11617,37.4584600,55.6674500,1,0,1,310
11618,37.7916700,55.7212100,1,0,1,67
11619,37.6152180,55.7114000,1,0,1,91
11625,37.7318240,55.6817870,1,0,1,16
11627,37.6468350,55.7040420,1,0,1,5
11630,37.8296887,55.8060461,1,0,1,176
11640,37.3870790,55.8062400,1,100,1,192
11641,37.3840737,55.7232916,1,0,1,98
11642,37.3892852,55.8108510,1,0,1,9
11643,37.3688493,55.7614062,1,100,1,180
 